440.0	3.39999e-19
440.2	3.80867e-19
440.4	4.35762e-19
440.6	3.88991e-19
440.8	4.17947e-19
441.0	4.23431e-19
441.2	4.24424e-19
441.4	4.31354e-19
441.6	4.11329e-19
441.8	4.29895e-19
442.0	3.96336e-19
442.2	3.91442e-19
442.4	3.87556e-19
442.6	3.95266e-19
442.8	3.75569e-19
443.0	3.81881e-19
443.2	3.93970e-19
443.4	4.13251e-19
443.6	3.86938e-19
443.8	4.01503e-19
444.0	3.75630e-19
444.2	3.66209e-19
444.4	4.63228e-19
444.6	3.92362e-19
444.8	3.86019e-19
445.0	3.95508e-19
445.2	4.29169e-19
445.4	4.46223e-19
445.6	3.95910e-19
445.8	4.29826e-19
446.0	4.37292e-19
446.2	3.99307e-19
446.4	4.15476e-19
446.6	4.42010e-19
446.8	4.17925e-19
447.0	4.82332e-19
447.2	4.35557e-19
447.4	4.22181e-19
447.6	4.22660e-19
447.8	4.24147e-19
448.0	4.70155e-19
448.2	4.10252e-19
448.4	4.35397e-19
448.6	4.02600e-19
448.8	4.24159e-19
449.0	4.37428e-19
449.2	4.14467e-19
449.4	4.19931e-19
449.6	4.16800e-19
449.8	4.17341e-19
450.0	3.96455e-19
450.2	4.14176e-19
450.4	4.59993e-19
450.6	4.38263e-19
450.8	4.29510e-19
451.0	4.24212e-19
451.2	4.54971e-19
451.4	4.75560e-19
451.6	4.52174e-19
451.8	4.34969e-19
452.0	4.31283e-19
452.2	4.46032e-19
452.4	4.39890e-19
452.6	4.58460e-19
452.8	4.49603e-19
453.0	4.87013e-19
453.2	4.59365e-19
453.4	4.45989e-19
453.6	4.84606e-19
453.8	4.60405e-19
454.0	4.75624e-19
454.2	4.75883e-19
454.4	4.53878e-19
454.6	4.65059e-19
454.8	4.81176e-19
455.0	4.62465e-19
455.2	4.77073e-19
455.4	4.48444e-19
455.6	4.73948e-19
455.8	4.65665e-19
456.0	4.90837e-19
456.2	4.85650e-19
456.4	4.58642e-19
456.6	4.94810e-19
456.8	5.12713e-19
457.0	5.26529e-19
457.2	4.99967e-19
457.4	4.67646e-19
457.6	4.92382e-19
457.8	5.05735e-19
458.0	5.37509e-19
458.2	4.95966e-19
458.4	4.77967e-19
458.6	5.17947e-19
458.8	5.07599e-19
459.0	5.01467e-19
459.2	5.04338e-19
459.4	5.18285e-19
459.6	4.93715e-19
459.8	4.92411e-19
460.0	4.91340e-19
460.2	4.71923e-19
460.4	4.86975e-19
460.6	4.44911e-19
460.8	4.50444e-19
461.0	4.84144e-19
461.2	4.57572e-19
461.4	4.44584e-19
461.6	4.59010e-19
461.8	4.49750e-19
462.0	4.82395e-19
462.2	4.60348e-19
462.4	4.48136e-19
462.6	4.48355e-19
462.8	4.63963e-19
463.0	5.04835e-19
463.2	4.88535e-19
463.4	4.71869e-19
463.6	4.84271e-19
463.8	5.09546e-19
464.0	4.87028e-19
464.2	4.90542e-19
464.4	5.43674e-19
464.6	4.98592e-19
464.8	5.23944e-19
465.0	5.50906e-19
465.2	5.08051e-19
465.4	5.12615e-19
465.6	4.94534e-19
465.8	5.13991e-19
466.0	4.90288e-19
466.2	5.14594e-19
466.4	5.27296e-19
466.6	5.38844e-19
466.8	5.38867e-19
467.0	5.30773e-19
467.2	5.23387e-19
467.4	5.03479e-19
467.6	5.31314e-19
467.8	5.47505e-19
468.0	5.71686e-19
468.2	5.69681e-19
468.4	5.67340e-19
468.6	5.63752e-19
468.8	5.57374e-19
469.0	5.56244e-19
469.2	5.70473e-19
469.4	5.23199e-19
469.6	5.39281e-19
469.8	5.45808e-19
470.0	5.25704e-19
470.2	5.43773e-19
470.4	5.53463e-19
470.6	5.51751e-19
470.8	5.57348e-19
471.0	5.79341e-19
471.2	5.78780e-19
471.4	5.86221e-19
471.6	5.80681e-19
471.8	5.80993e-19
472.0	5.74125e-19
472.2	5.89091e-19
472.4	5.99202e-19
472.6	5.92919e-19
472.8	6.01682e-19
473.0	5.89800e-19
473.2	5.99977e-19
473.4	6.04349e-19
473.6	6.00347e-19
473.8	6.04903e-19
474.0	6.04957e-19
474.2	6.12924e-19
474.4	6.30291e-19
474.6	6.41758e-19
474.8	6.54430e-19
475.0	6.66600e-19
475.2	6.81114e-19
475.4	6.91358e-19
475.6	7.15219e-19
475.8	7.30438e-19
476.0	7.49003e-19
476.2	7.55201e-19
476.4	7.53089e-19
476.6	7.55520e-19
476.8	7.50460e-19
477.0	7.42542e-19
477.2	7.37174e-19
477.4	7.19980e-19
477.6	7.09085e-19
477.8	6.96186e-19
478.0	6.96459e-19
478.2	6.91771e-19
478.4	7.00034e-19
478.6	6.94927e-19
478.8	6.76363e-19
479.0	6.94496e-19
479.2	6.98522e-19
479.4	6.83247e-19
479.6	7.15604e-19
479.8	7.05672e-19
480.0	7.16730e-19
480.2	7.13002e-19
480.4	7.09068e-19
480.6	7.19306e-19
480.8	7.11814e-19
481.0	6.91316e-19
481.2	7.07557e-19
481.4	7.04803e-19
481.6	7.12168e-19
481.8	7.10323e-19
482.0	7.16373e-19
482.2	7.16258e-19
482.4	7.23203e-19
482.6	6.95397e-19
482.8	7.27037e-19
483.0	7.12468e-19
483.2	7.23507e-19
483.4	7.52495e-19
483.6	7.39797e-19
483.8	7.35178e-19
484.0	7.54733e-19
484.2	7.43325e-19
484.4	7.35337e-19
484.6	7.83838e-19
484.8	8.00500e-19
485.0	8.07577e-19
485.2	8.23433e-19
485.4	8.59247e-19
485.6	8.88284e-19
485.8	9.09513e-19
486.0	9.49737e-19
486.2	9.31060e-19
486.4	9.63539e-19
486.6	9.40014e-19
486.8	9.21796e-19
487.0	9.25173e-19
487.2	9.12765e-19
487.4	9.06608e-19
487.6	8.98350e-19
487.8	8.83528e-19
488.0	9.25758e-19
488.2	9.18476e-19
488.4	9.36904e-19
488.6	9.60197e-19
488.8	9.92347e-19
489.0	1.01403e-18
489.2	1.03545e-18
489.4	1.03882e-18
489.6	1.05340e-18
489.8	1.06888e-18
490.0	1.07680e-18
490.2	1.07635e-18
490.4	1.06832e-18
490.6	1.05394e-18
490.8	1.05926e-18
491.0	1.03830e-18
491.2	1.02583e-18
491.4	1.02947e-18
491.6	1.01323e-18
491.8	1.03093e-18
492.0	1.04719e-18
492.2	1.03769e-18
492.4	1.03863e-18
492.6	1.05314e-18
492.8	1.06378e-18
493.0	1.04896e-18
493.2	1.04127e-18
493.4	1.02522e-18
493.6	1.01346e-18
493.8	1.01006e-18
494.0	1.00129e-18
494.2	9.98966e-19
494.4	9.67091e-19
494.6	1.00357e-18
494.8	1.05876e-18
495.0	1.06255e-18
495.2	1.12595e-18
495.4	1.16670e-18
495.6	1.23149e-18
495.8	1.21796e-18
496.0	1.26816e-18
496.2	1.29577e-18
496.4	1.31172e-18
496.6	1.31175e-18
496.8	1.31181e-18
497.0	1.30902e-18
497.2	1.28440e-18
497.4	1.28788e-18
497.6	1.25934e-18
497.8	1.24742e-18
498.0	1.24300e-18
498.2	1.22821e-18
498.4	1.21894e-18
498.6	1.20871e-18
498.8	1.20937e-18
499.0	1.21225e-18
499.2	1.20559e-18
499.4	1.19846e-18
499.6	1.18019e-18
499.8	1.18057e-18
500.0	1.17009e-18
500.2	1.15605e-18
500.4	1.13246e-18
500.6	1.11469e-18
500.8	1.10633e-18
501.0	1.09429e-18
501.2	1.08630e-18
501.4	1.08414e-18
501.6	1.09656e-18
501.8	1.09012e-18
502.0	1.09746e-18
502.2	1.10831e-18
502.4	1.12658e-18
502.6	1.14392e-18
502.8	1.15663e-18
503.0	1.18777e-18
503.2	1.21247e-18
503.4	1.23048e-18
503.6	1.25279e-18
503.8	1.28679e-18
504.0	1.30338e-18
504.2	1.32596e-18
504.4	1.32619e-18
504.6	1.36385e-18
504.8	1.36782e-18
505.0	1.39261e-18
505.2	1.41252e-18
505.4	1.40706e-18
505.6	1.39525e-18
505.8	1.41911e-18
506.0	1.39683e-18
506.2	1.37416e-18
506.4	1.32983e-18
506.6	1.33231e-18
506.8	1.31360e-18
507.0	1.27231e-18
507.2	1.26320e-18
507.4	1.25896e-18
507.6	1.25920e-18
507.8	1.26491e-18
508.0	1.25263e-18
508.2	1.28098e-18
508.4	1.27930e-18
508.6	1.31018e-18
508.8	1.34535e-18
509.0	1.37603e-18
509.2	1.41758e-18
509.4	1.45712e-18
509.6	1.51673e-18
509.8	1.58206e-18
510.0	1.64329e-18
510.2	1.68340e-18
510.4	1.72926e-18
510.6	1.78777e-18
510.8	1.83967e-18
511.0	1.88119e-18
511.2	1.89909e-18
511.4	1.89131e-18
511.6	1.88203e-18
511.8	1.86022e-18
512.0	1.83775e-18
512.2	1.80755e-18
512.4	1.78038e-18
512.6	1.74873e-18
512.8	1.71133e-18
513.0	1.67490e-18
513.2	1.64613e-18
513.4	1.62697e-18
513.6	1.61144e-18
513.8	1.62363e-18
514.0	1.61978e-18
514.2	1.61833e-18
514.4	1.63113e-18
514.6	1.63343e-18
514.8	1.65026e-18
515.0	1.66387e-18
515.2	1.65689e-18
515.4	1.66284e-18
515.6	1.65521e-18
515.8	1.62053e-18
516.0	1.59773e-18
516.2	1.57777e-18
516.4	1.54651e-18
516.6	1.51011e-18
516.8	1.48297e-18
517.0	1.46171e-18
517.2	1.44036e-18
517.4	1.42505e-18
517.6	1.41203e-18
517.8	1.43256e-18
518.0	1.45753e-18
518.2	1.48150e-18
518.4	1.52476e-18
518.6	1.55004e-18
518.8	1.56350e-18
519.0	1.60115e-18
519.2	1.62738e-18
519.4	1.64939e-18
519.6	1.69482e-18
519.8	1.74171e-18
520.0	1.77479e-18
520.2	1.80633e-18
520.4	1.82507e-18
520.6	1.85951e-18
520.8	1.89328e-18
521.0	1.95206e-18
521.2	2.01415e-18
521.4	2.04338e-18
521.6	2.05855e-18
521.8	2.06295e-18
522.0	2.03303e-18
522.2	2.00357e-18
522.4	1.95786e-18
522.6	1.92415e-18
522.8	1.88162e-18
523.0	1.84819e-18
523.2	1.82236e-18
523.4	1.78728e-18
523.6	1.75622e-18
523.8	1.73049e-18
524.0	1.70826e-18
524.2	1.68926e-18
524.4	1.66351e-18
524.6	1.63429e-18
524.8	1.61526e-18
525.0	1.61259e-18
525.2	1.61474e-18
525.4	1.61878e-18
525.6	1.63587e-18
525.8	1.65839e-18
526.0	1.68919e-18
526.2	1.71543e-18
526.4	1.76832e-18
526.6	1.81398e-18
526.8	1.86916e-18
527.0	1.92511e-18
527.2	1.99349e-18
527.4	2.07058e-18
527.6	2.13454e-18
527.8	2.21204e-18
528.0	2.28778e-18
528.2	2.37357e-18
528.4	2.46416e-18
528.6	2.52852e-18
528.8	2.56270e-18
529.0	2.55798e-18
529.2	2.53468e-18
529.4	2.50504e-18
529.6	2.45332e-18
529.8	2.40818e-18
530.0	2.34961e-18
530.2	2.29020e-18
530.4	2.24853e-18
530.6	2.20270e-18
530.8	2.20270e-18
531.0	2.18933e-18
531.2	2.17899e-18
531.4	2.14655e-18
531.6	2.12639e-18
531.8	2.12612e-18
532.0	2.11598e-18
532.2	2.10343e-18
532.4	2.06377e-18
532.6	2.04835e-18
532.8	2.02342e-18
533.0	2.00254e-18
533.2	1.99921e-18
533.4	2.04185e-18
533.6	2.09972e-18
533.8	2.16674e-18
534.0	2.21722e-18
534.2	2.26935e-18
534.4	2.31663e-18
534.6	2.39522e-18
534.8	2.48969e-18
535.0	2.58502e-18
535.2	2.67019e-18
535.4	2.72206e-18
535.6	2.77593e-18
535.8	2.82452e-18
536.0	2.87197e-18
536.2	2.87198e-18
536.4	2.83831e-18
536.6	2.81424e-18
536.8	2.79302e-18
537.0	2.72414e-18
537.2	2.61503e-18
537.4	2.52084e-18
537.6	2.44796e-18
537.8	2.37850e-18
538.0	2.31692e-18
538.2	2.24118e-18
538.4	2.18287e-18
538.6	2.14964e-18
538.8	2.13093e-18
539.0	2.12989e-18
539.2	2.14555e-18
539.4	2.16817e-18
539.6	2.19027e-18
539.8	2.20701e-18
540.0	2.19445e-18
540.2	2.17718e-18
540.4	2.16792e-18
540.6	2.17202e-18
540.8	2.18073e-18
541.0	2.16838e-18
541.2	2.12352e-18
541.4	2.06100e-18
541.6	1.98557e-18
541.8	1.91905e-18
542.0	1.86348e-18
542.2	1.79337e-18
542.4	1.73697e-18
542.6	1.71816e-18
542.8	1.70710e-18
543.0	1.67632e-18
543.2	1.68730e-18
543.4	1.70378e-18
543.6	1.69666e-18
543.8	1.73774e-18
544.0	1.78208e-18
544.2	1.84851e-18
544.4	1.91725e-18
544.6	1.98182e-18
544.8	2.08253e-18
545.0	2.16927e-18
545.2	2.27638e-18
545.4	2.38298e-18
545.6	2.45357e-18
545.8	2.59022e-18
546.0	2.70842e-18
546.2	2.84315e-18
546.4	2.98660e-18
546.6	3.08358e-18
546.8	3.19327e-18
547.0	3.23654e-18
547.2	3.29196e-18
547.4	3.29276e-18
547.6	3.27327e-18
547.8	3.20558e-18
548.0	3.12180e-18
548.2	3.03513e-18
548.4	2.94979e-18
548.6	2.88837e-18
548.8	2.82136e-18
549.0	2.75546e-18
549.2	2.70593e-18
549.4	2.65857e-18
549.6	2.63015e-18
549.8	2.60231e-18
550.0	2.59786e-18
550.2	2.57564e-18
550.4	2.55723e-18
550.6	2.54390e-18
550.8	2.55177e-18
551.0	2.52976e-18
551.2	2.55399e-18
551.4	2.56836e-18
551.6	2.57077e-18
551.8	2.61090e-18
552.0	2.62404e-18
552.2	2.62387e-18
552.4	2.63073e-18
552.6	2.63138e-18
552.8	2.64170e-18
553.0	2.68070e-18
553.2	2.74636e-18
553.4	2.82644e-18
553.6	2.88527e-18
553.8	2.96162e-18
554.0	3.05047e-18
554.2	3.14051e-18
554.4	3.21898e-18
554.6	3.28846e-18
554.8	3.35560e-18
555.0	3.40739e-18
555.2	3.42724e-18
555.4	3.42855e-18
555.6	3.43975e-18
555.8	3.45874e-18
556.0	3.49347e-18
556.2	3.49057e-18
556.4	3.46939e-18
556.6	3.48457e-18
556.8	3.48188e-18
557.0	3.50316e-18
557.2	3.54278e-18
557.4	3.60501e-18
557.6	3.66131e-18
557.8	3.74169e-18
558.0	3.80756e-18
558.2	3.88759e-18
558.4	3.97513e-18
558.6	4.04664e-18
558.8	4.06476e-18
559.0	4.03066e-18
559.2	3.92266e-18
559.4	3.80021e-18
559.6	3.69912e-18
559.8	3.60522e-18
560.0	3.50113e-18
560.2	3.41046e-18
560.4	3.33571e-18
560.6	3.27382e-18
560.8	3.20228e-18
561.0	3.18527e-18
561.2	3.16767e-18
561.4	3.10094e-18
561.6	3.11712e-18
561.8	3.10513e-18
562.0	3.12187e-18
562.2	3.09262e-18
562.4	3.06681e-18
562.6	3.04977e-18
562.8	3.01116e-18
563.0	2.96307e-18
563.2	2.94289e-18
563.4	2.92175e-18
563.6	2.90173e-18
563.8	2.90685e-18
564.0	2.90141e-18
564.2	2.89277e-18
564.4	2.88266e-18
564.6	2.88303e-18
564.8	2.91138e-18
565.0	2.96103e-18
565.2	3.00935e-18
565.4	3.04997e-18
565.6	3.11427e-18
565.8	3.09106e-18
566.0	3.04610e-18
566.2	2.99724e-18
566.4	2.98659e-18
566.6	3.00464e-18
566.8	2.99941e-18
567.0	2.99275e-18
567.2	2.98389e-18
567.4	2.96264e-18
567.6	3.00862e-18
567.8	3.02686e-18
568.0	3.07962e-18
568.2	3.10069e-18
568.4	3.11344e-18
568.6	3.13882e-18
568.8	3.11907e-18
569.0	3.08431e-18
569.2	3.00971e-18
569.4	2.93666e-18
569.6	2.94367e-18
569.8	2.95135e-18
570.0	2.97522e-18
570.2	2.97292e-18
570.4	2.95671e-18
570.6	2.95950e-18
570.8	2.95266e-18
571.0	2.93359e-18
571.2	2.91950e-18
571.4	2.92433e-18
571.6	2.94419e-18
571.8	2.93538e-18
572.0	2.90541e-18
572.2	2.87541e-18
572.4	2.85034e-18
572.6	2.86864e-18
572.8	2.92854e-18
573.0	2.97929e-18
573.2	3.00901e-18
573.4	3.02006e-18
573.6	3.01411e-18
573.8	3.01661e-18
574.0	3.03267e-18
574.2	3.05940e-18
574.4	3.12170e-18
574.6	3.20330e-18
574.8	3.28145e-18
575.0	3.37569e-18
575.2	3.42957e-18
575.4	3.42591e-18
575.6	3.42727e-18
575.8	3.47466e-18
576.0	3.51567e-18
576.2	3.53242e-18
576.4	3.56458e-18
576.6	3.58927e-18
576.8	3.61812e-18
577.0	3.60725e-18
577.2	3.59093e-18
577.4	3.53955e-18
577.6	3.53697e-18
577.8	3.52690e-18
578.0	3.51240e-18
578.2	3.47345e-18
578.4	3.45834e-18
578.6	3.40876e-18
578.8	3.41023e-18
579.0	3.43956e-18
579.2	3.44487e-18
579.4	3.47867e-18
579.6	3.50886e-18
579.8	3.53726e-18
580.0	3.58296e-18
580.2	3.62092e-18
580.4	3.66102e-18
580.6	3.76652e-18
580.8	3.84737e-18
581.0	3.87744e-18
581.2	3.81983e-18
581.4	3.73058e-18
581.6	3.61560e-18
581.8	3.50493e-18
582.0	3.38221e-18
582.2	3.26347e-18
582.4	3.14331e-18
582.6	3.08573e-18
582.8	3.04629e-18
583.0	3.02082e-18
583.2	2.97248e-18
583.4	2.94370e-18
583.6	2.91627e-18
583.8	2.90998e-18
584.0	2.89494e-18
584.2	2.87656e-18
584.4	2.86439e-18
584.6	2.89757e-18
584.8	2.94194e-18
585.0	3.01001e-18
585.2	3.08185e-18
585.4	3.14398e-18
585.6	3.22939e-18
585.8	3.36887e-18
586.0	3.54306e-18
586.2	3.66754e-18
586.4	3.80740e-18
586.6	4.03735e-18
586.8	4.32441e-18
587.0	4.61507e-18
587.2	4.82975e-18
587.4	4.97822e-18
587.6	5.11087e-18
587.8	5.31225e-18
588.0	5.57805e-18
588.2	5.87241e-18
588.4	6.17170e-18
588.6	6.45615e-18
588.8	6.64318e-18
589.0	6.69125e-18
589.2	6.59714e-18
589.4	6.47729e-18
589.6	6.42936e-18
589.8	6.32955e-18
590.0	6.16057e-18
590.2	5.97347e-18
590.4	5.82248e-18
590.6	5.75185e-18
590.8	5.70858e-18
591.0	5.65970e-18
591.2	5.60912e-18
591.4	5.57325e-18
591.6	5.50604e-18
591.8	5.38868e-18
592.0	5.22810e-18
592.2	5.10198e-18
592.4	4.98891e-18
592.6	4.86555e-18
592.8	4.73299e-18
593.0	4.63401e-18
593.2	4.54739e-18
593.4	4.46840e-18
593.6	4.41170e-18
593.8	4.37545e-18
594.0	4.34430e-18
594.2	4.36482e-18
594.4	4.43501e-18
594.6	4.49041e-18
594.8	4.49710e-18
595.0	4.51269e-18
595.2	4.60245e-18
595.4	4.73338e-18
595.6	4.82741e-18
595.8	4.87286e-18
596.0	4.86661e-18
596.2	4.81963e-18
596.4	4.75763e-18
596.6	4.71874e-18
596.8	4.66088e-18
597.0	4.53239e-18
597.2	4.35323e-18
597.4	4.17921e-18
597.6	4.03822e-18
597.8	3.88596e-18
598.0	3.71794e-18
598.2	3.57240e-18
598.4	3.43944e-18
598.6	3.34403e-18
598.8	3.25177e-18
599.0	3.14230e-18
599.2	3.00825e-18
599.4	2.88913e-18
599.6	2.82594e-18
599.8	2.79715e-18
600.0	2.78716e-18
600.2	2.79564e-18
600.4	2.84061e-18
600.6	2.89493e-18
600.8	2.97287e-18
601.0	3.09210e-18
601.2	3.20380e-18
601.4	3.32352e-18
601.6	3.40367e-18
601.8	3.51538e-18
602.0	3.63279e-18
602.2	3.72581e-18
602.4	3.82238e-18
602.6	3.96765e-18
602.8	4.09910e-18
603.0	4.23849e-18
603.2	4.36766e-18
603.4	4.48769e-18
603.6	4.63204e-18
603.8	4.78240e-18
604.0	4.90481e-18
604.2	4.94108e-18
604.4	4.92173e-18
604.6	4.88426e-18
604.8	4.78713e-18
605.0	4.58221e-18
605.2	4.32061e-18
605.4	4.02115e-18
605.6	3.77295e-18
605.8	3.52402e-18
606.0	3.28764e-18
606.2	3.05270e-18
606.4	2.82678e-18
606.6	2.62218e-18
606.8	2.44850e-18
607.0	2.25205e-18
607.2	2.08950e-18
607.4	1.94877e-18
607.6	1.86145e-18
607.8	1.78708e-18
608.0	1.72410e-18
608.2	1.67691e-18
608.4	1.65545e-18
608.6	1.65508e-18
608.8	1.66181e-18
609.0	1.72016e-18
609.2	1.70806e-18
609.4	1.72642e-18
609.6	1.74448e-18
609.8	1.76858e-18
610.0	1.78344e-18
610.2	1.80525e-18
610.4	1.81774e-18
610.6	1.85855e-18
610.8	1.89119e-18
611.0	1.92445e-18
611.2	1.96475e-18
611.4	2.01804e-18
611.6	2.09011e-18
611.8	2.18739e-18
612.0	2.33993e-18
612.2	2.50063e-18
612.4	2.65159e-18
612.6	2.73690e-18
612.8	2.76316e-18
613.0	2.78940e-18
613.2	2.79945e-18
613.4	2.77835e-18
613.6	2.73851e-18
613.8	2.69759e-18
614.0	2.65522e-18
614.2	2.58880e-18
614.4	2.51836e-18
614.6	2.42642e-18
614.8	2.33773e-18
615.0	2.26692e-18
615.2	2.22399e-18
615.4	2.19848e-18
615.6	2.16926e-18
615.8	2.13455e-18
616.0	2.09897e-18
616.2	2.08601e-18
616.4	2.09091e-18
616.6	2.10954e-18
616.8	2.14961e-18
617.0	2.18013e-18
617.2	2.22492e-18
617.4	2.28624e-18
617.6	2.36207e-18
617.8	2.43411e-18
618.0	2.48115e-18
618.2	2.50503e-18
618.4	2.54014e-18
618.6	2.57657e-18
618.8	2.62073e-18
619.0	2.71024e-18
619.2	2.81877e-18
619.4	2.93458e-18
619.6	3.05305e-18
619.8	3.21429e-18
620.0	3.45607e-18
620.2	3.77868e-18
620.4	4.15076e-18
620.6	4.61136e-18
620.8	5.27286e-18
621.0	6.09598e-18
621.2	6.92394e-18
621.4	7.79366e-18
621.6	8.87327e-18
621.8	1.00752e-17
622.0	1.11640e-17
622.2	1.22091e-17
622.4	1.32821e-17
622.6	1.43567e-17
622.8	1.50975e-17
623.0	1.51469e-17
623.2	1.47013e-17
623.4	1.39948e-17
623.6	1.31827e-17
623.8	1.23654e-17
624.0	1.15368e-17
624.2	1.07416e-17
624.4	1.00172e-17
624.6	9.41818e-18
624.8	8.92713e-18
625.0	8.45125e-18
625.2	8.11552e-18
625.4	7.86505e-18
625.6	7.64738e-18
625.8	7.55299e-18
626.0	7.58343e-18
626.2	7.70066e-18
626.4	7.86742e-18
626.6	7.98500e-18
626.8	7.99892e-18
627.0	7.92822e-18
627.2	7.84829e-18
627.4	7.78004e-18
627.6	7.78512e-18
627.8	7.83318e-18
628.0	7.79520e-18
628.2	7.67921e-18
628.4	7.62009e-18
628.6	7.58102e-18
628.8	7.45225e-18
629.0	7.34907e-18
629.2	7.35055e-18
629.4	7.39176e-18
629.6	7.41254e-18
629.8	7.35119e-18
630.0	7.08091e-18
630.2	6.59420e-18
630.4	6.03839e-18
630.6	5.51656e-18
630.8	5.06861e-18
631.0	4.70073e-18
631.2	4.36837e-18
631.4	4.02694e-18
631.6	3.65814e-18
631.8	3.32765e-18
632.0	3.03515e-18
632.2	2.75704e-18
632.4	2.52186e-18
632.6	2.30819e-18
632.8	2.12339e-18
633.0	1.95815e-18
633.2	1.83133e-18
633.4	1.72270e-18
633.6	1.61997e-18
633.8	1.54376e-18
634.0	1.46568e-18
634.2	1.39469e-18
634.4	1.34428e-18
634.6	1.31679e-18
634.8	1.30276e-18
635.0	1.32315e-18
635.2	1.38766e-18
635.4	1.46234e-18
635.6	1.53893e-18
635.8	1.60852e-18
636.0	1.69655e-18
636.2	1.79537e-18
636.4	1.91189e-18
636.6	2.01940e-18
636.8	2.12467e-18
637.0	2.24322e-18
637.2	2.30839e-18
637.4	2.28561e-18
637.6	2.18804e-18
637.8	2.07343e-18
638.0	1.96132e-18
638.2	1.85255e-18
638.4	1.75293e-18
638.6	1.63800e-18
638.8	1.53167e-18
639.0	1.42974e-18
639.2	1.34905e-18
639.4	1.28273e-18
639.6	1.22931e-18
639.8	1.17431e-18
640.0	1.11533e-18
640.2	1.07372e-18
640.4	1.05331e-18
640.6	1.01407e-18
640.8	9.78282e-19
641.0	9.53220e-19
641.2	9.38860e-19
641.4	9.12385e-19
641.6	8.96059e-19
641.8	8.84838e-19
642.0	8.73866e-19
642.2	8.80072e-19
642.4	8.99854e-19
642.6	9.09764e-19
642.8	9.23842e-19
643.0	9.36126e-19
643.2	9.56604e-19
643.4	9.59744e-19
643.6	9.55329e-19
643.8	9.52123e-19
644.0	9.51506e-19
644.2	9.43489e-19
644.4	9.26335e-19
644.6	9.04523e-19
644.8	8.82503e-19
645.0	8.53666e-19
645.2	8.25040e-19
645.4	7.93739e-19
645.6	7.63341e-19
645.8	7.40817e-19
646.0	7.23926e-19
646.2	7.15305e-19
646.4	7.07791e-19
646.6	6.91327e-19
646.8	6.77156e-19
647.0	6.68673e-19
647.2	6.58946e-19
647.4	6.42818e-19
647.6	6.24976e-19
647.8	6.14728e-19
648.0	6.07005e-19
648.2	5.91196e-19
648.4	5.72896e-19
648.6	5.50906e-19
648.8	5.35702e-19
649.0	5.26530e-19
649.2	5.15583e-19
649.4	5.02637e-19
649.6	4.93500e-19
649.8	4.90598e-19
650.0	4.86720e-19
650.2	4.94795e-19
650.4	5.11444e-19
650.6	5.26703e-19
650.8	5.33864e-19
651.0	5.41625e-19
651.2	5.52020e-19
651.4	5.73953e-19
651.6	5.92569e-19
651.8	6.06378e-19
652.0	6.19516e-19
652.2	6.40817e-19
652.4	6.63556e-19
652.6	6.88569e-19
652.8	7.08644e-19
653.0	7.21406e-19
653.2	7.45127e-19
653.4	7.72267e-19
653.6	8.05196e-19
653.8	8.26491e-19
654.0	8.55937e-19
654.2	9.01896e-19
654.4	9.38876e-19
654.6	9.65365e-19
654.8	9.88813e-19
655.0	1.01403e-18
655.2	1.06042e-18
655.4	1.14047e-18
655.6	1.21361e-18
655.8	1.26681e-18
656.0	1.34286e-18
656.2	1.43972e-18
656.4	1.51876e-18
656.6	1.57296e-18
656.8	1.62992e-18
657.0	1.72755e-18
657.2	1.86165e-18
657.4	1.98331e-18
657.6	2.10687e-18
657.8	2.25282e-18
658.0	2.41550e-18
658.2	2.62471e-18
658.4	2.92475e-18
658.6	3.25918e-18
658.8	3.64749e-18
659.0	4.13975e-18
659.2	4.71088e-18
659.4	5.29918e-18
659.6	5.88066e-18
659.8	6.68822e-18
660.0	7.73046e-18
660.2	8.84846e-18
660.4	1.02340e-17
660.6	1.20283e-17
660.8	1.38090e-17
661.0	1.55348e-17
661.2	1.74084e-17
661.4	1.93661e-17
661.6	2.10685e-17
661.8	2.21030e-17
662.0	2.21155e-17
662.2	2.14538e-17
662.4	2.06020e-17
662.6	1.96470e-17
662.8	1.84145e-17
663.0	1.69637e-17
663.2	1.55471e-17
663.4	1.41399e-17
663.6	1.27927e-17
663.8	1.15376e-17
664.0	1.04293e-17
664.2	9.55476e-18
664.4	8.71709e-18
664.6	7.90616e-18
664.8	7.26758e-18
665.0	6.81866e-18
665.2	6.42890e-18
665.4	5.90375e-18
665.6	5.36676e-18
665.8	4.87653e-18
666.0	4.44962e-18
666.2	4.03913e-18
666.4	3.63323e-18
666.6	3.25332e-18
666.8	2.92474e-18
667.0	2.64851e-18
667.2	2.41694e-18
667.4	2.21284e-18
667.6	2.01596e-18
667.8	1.82510e-18
668.0	1.66538e-18
668.2	1.52100e-18
668.4	1.38487e-18
668.6	1.25992e-18
668.8	1.15581e-18
669.0	1.07983e-18
669.2	1.02752e-18
669.4	9.76859e-19
669.6	9.33568e-19
669.8	8.83766e-19
670.0	8.38601e-19
670.2	7.98471e-19
670.4	7.66192e-19
670.6	7.43791e-19
670.8	7.35399e-19
671.0	7.44608e-19
671.2	7.63242e-19
671.4	7.67797e-19
671.6	7.47967e-19
671.8	7.33398e-19
672.0	7.08185e-19
672.2	6.82458e-19
672.4	6.62144e-19
672.6	6.37974e-19
672.8	6.04181e-19
673.0	5.78368e-19
673.2	5.59454e-19
673.4	5.30963e-19
673.6	5.01960e-19
673.8	4.81814e-19
674.0	4.67368e-19
674.2	4.57541e-19
674.4	4.42109e-19
674.6	4.36089e-19
674.8	4.34057e-19
675.0	4.33382e-19
675.2	4.36086e-19
675.4	4.36845e-19
675.6	4.37023e-19
675.8	4.44441e-19
676.0	4.61295e-19
676.2	4.83481e-19
676.4	5.27034e-19
676.6	5.55007e-19
676.8	5.97097e-19
677.0	6.37123e-19
677.2	6.75368e-19
677.4	7.08882e-19
677.6	7.30531e-19
677.8	7.54284e-19
678.0	7.69953e-19
678.2	7.74428e-19
678.4	7.72673e-19
678.6	7.59284e-19
678.8	7.39411e-19
679.0	7.17642e-19
679.2	7.00193e-19
679.4	6.68615e-19
679.6	6.32156e-19
679.8	5.90911e-19
680.0	5.60003e-19
680.2	5.31430e-19
680.4	5.16779e-19
680.6	4.76193e-19
680.8	4.44513e-19
681.0	4.19494e-19
681.2	4.01043e-19
681.4	3.86095e-19
681.6	3.64944e-19
681.8	3.43051e-19
682.0	3.28087e-19
682.2	3.10965e-19
682.4	2.90811e-19
682.6	2.74629e-19
682.8	2.54696e-19
683.0	2.29397e-19
683.2	2.20927e-19
683.4	2.06222e-19
683.6	1.92447e-19
683.8	1.81042e-19
684.0	1.75073e-19
684.2	1.61964e-19
684.4	1.53079e-19
684.6	1.46303e-19
684.8	1.39992e-19
685.0	1.36331e-19
685.2	1.34513e-19
685.4	1.34344e-19
685.6	1.35617e-19
685.8	1.31028e-19
686.0	1.26356e-19
686.2	1.27836e-19
686.4	1.22596e-19
686.6	1.23631e-19
686.8	1.26026e-19
687.0	1.21856e-19
687.2	1.23970e-19
687.4	1.28472e-19
687.6	1.28446e-19
687.8	1.30612e-19
688.0	1.35517e-19
688.2	1.33397e-19
688.4	1.26793e-19
688.6	1.20574e-19
688.8	1.15347e-19
689.0	1.10976e-19
689.2	1.11462e-19
689.4	1.12217e-19
689.6	1.09311e-19
689.8	1.00451e-19
690.0	9.82383e-20
690.2	8.84382e-20
690.4	8.65605e-20
690.6	8.46051e-20
690.8	8.05435e-20
691.0	8.03944e-20
691.2	8.03380e-20
691.4	7.76765e-20
691.6	7.96825e-20
691.8	7.84538e-20
692.0	7.93245e-20
692.2	7.88595e-20
692.4	7.84575e-20
692.6	8.07806e-20
692.8	8.25150e-20
693.0	8.28345e-20
693.2	8.78048e-20
693.4	8.60858e-20
693.6	8.83730e-20
693.8	8.64400e-20
